83
370
1 1 2 2 2 2 2 2 2 1 1 0 0 0 0 0 0 0 0 1 2 6 6 6 6 0 6 0 0 0 0 0 0 1 1 0 2 0 0 0 0 0 0 0 1 1 1 1 0 2 0 0 6 6 6 0 0 0 0 0 0 0 0 0 0 0 1 1 1 1 1 1 1 2 2 2 2 2 2 4 4 4 4 
46.602711 45.277641 45.462627 44.081318 43.720020 43.379242 43.059483 42.761227 42.484936 42.935814 43.218628 41.849716 39.897301 38.947330 38.000000 37.055511 36.114101 35.176014 34.241539 36.252064 35.526108 36.615471 35.014702 35.438351 35.885529 36.105892 36.355339 36.541019 33.649654 32.764763 31.886890 31.016663 30.154760 30.199100 27.833902 27.553865 27.942244 28.925823 27.076809 26.238859 25.413111 24.600847 23.803509 23.022715 24.617817 22.222866 20.830702 19.441969 19.204651 19.492855 20.601076 18.804493 20.804493 19.439089 20.104973 20.691807 17.970562 17.278820 16.620499 16.000000 15.422205 14.892444 14.416408 14.000000 13.649111 13.369317 13.594553 11.464088 10.414213 9.476471 8.694324 8.122417 7.817338 7.656854 6.000000 5.472136 5.123106 5.000000 5.123106 6.000000 3.000000 2.000000 1.000000 0 0 0 0 0 0 0 0 0 0 0 0 0 0 0 0 0 0 1 1 0 0 0 0 0 0 0 0 0 0 0 0 0 0 0 0 0 0 0 0 0 0 0 0 0 0 0 0 0 0 
0 0 0 0 0 0 0 0 0 0 0 0 0 0 0 0 0 0 1 1 0 0 0 0 0 0 0 0 0 0 0 0 0 0 0 0 0 0 0 0 0 0 0 0 0 0 0 0 0 0 
0 0 0 0 0 0 0 0 0 0 0 0 0 0 0 0 0 0 1 1 0 0 0 0 0 0 0 0 0 0 0 0 0 0 0 0 0 0 0 0 0 0 0 0 1 1 0 0 0 0 
0 0 0 0 0 0 0 0 0 0 0 0 0 0 0 0 0 0 1 1 1 1 0 0 0 0 0 1 1 0 0 0 0 0 0 0 0 0 0 0 0 1 1 1 1 1 1 1 1 1 
0 0 0 0 0 0 0 0 0 0 0 0 0 0 0 0 0 0 0 0 0 0 1 1 0 0 0 0 0 0 0 0 0 0 0 0 0 0 0 0 0 1 1 1 1 1 1 1 1 1 
0 0 0 0 0 1 1 0 0 0 0 0 0 0 0 0 0 0 0 0 0 0 1 1 0 0 1 0 0 0 1 1 1 1 0 0 0 0 0 0 0 0 0 0 0 0 0 0 0 4 
1 1 1 1 1 1 1 1 0 1 1 1 1 1 1 1 1 1 1 0 0 0 1 1 0 0 1 1 0 0 1 1 1 1 0 0 0 0 0 0 0 0 0 0 0 5 4 4 4 4 
1 1 1 1 1 1 1 1 0 0 0 1 1 1 1 1 1 1 1 0 0 0 1 1 0 0 0 0 0 0 0 1 1 1 1 0 0 0 0 0 0 0 0 0 0 0 0 0 0 4 
0 0 0 0 0 0 0 0 0 0 0 0 0 0 0 0 1 1 1 1 0 0 0 1 1 1 1 0 1 1 0 0 1 1 1 1 0 0 0 0 0 0 0 0 0 0 0 0 0 4 
0 0 0 0 0 0 0 0 0 0 0 0 0 0 0 0 0 1 1 1 0 0 0 0 1 1 1 0 0 1 1 0 0 1 1 1 1 0 0 0 0 0 0 0 1 1 1 0 0 4 
0 0 0 0 0 0 0 0 0 1 0 0 0 1 1 0 1 1 1 1 1 0 0 0 0 1 1 0 0 0 0 0 0 0 0 0 0 0 0 0 0 0 0 0 1 1 1 0 0 4 
0 0 0 0 0 0 0 0 0 1 1 0 0 1 0 0 0 0 1 1 0 0 0 1 0 0 0 0 0 0 0 1 1 1 1 0 0 0 0 0 0 0 0 0 1 1 1 0 0 4 
0 0 0 0 0 0 0 0 0 0 1 1 0 0 0 0 0 0 1 1 0 0 1 1 1 0 0 1 0 0 0 0 1 1 1 1 0 0 0 0 0 0 0 0 0 0 0 0 4 0 
0 0 0 0 0 0 0 0 0 0 1 1 0 1 1 0 0 0 0 0 0 0 0 0 1 0 1 1 0 0 0 0 0 0 0 0 0 0 1 0 0 0 0 0 0 0 0 4 0 0 
0 0 0 0 0 0 0 0 0 0 0 0 0 0 1 0 0 0 0 0 0 0 0 0 0 0 0 0 0 1 1 1 1 0 0 1 1 1 0 0 0 0 1 1 0 0 4 0 0 0 
0 0 0 1 1 1 1 1 1 1 0 0 0 1 1 1 0 0 1 1 0 1 1 1 1 1 0 0 0 1 4 1 1 0 0 0 1 1 0 0 0 0 1 1 1 4 0 0 0 0 
0 0 0 1 1 1 1 1 1 1 0 0 0 4 1 1 0 0 1 1 0 1 1 1 1 1 0 0 0 1 4 4 1 1 0 0 0 1 0 0 0 0 0 0 4 0 0 0 0 0 
0 0 0 0 0 4 4 1 0 0 0 0 0 4 1 1 1 0 1 0 0 1 1 1 1 1 0 0 0 4 4 4 1 1 0 0 0 0 0 0 0 0 0 4 0 0 0 0 0 0 
0 0 0 0 0 4 4 4 4 4 4 4 4 4 4 1 1 0 0 0 0 0 4 1 1 1 0 0 4 0 1 4 4 4 4 4 4 4 4 4 4 4 4 1 1 1 0 0 0 0 
0 0 0 0 0 4 1 1 1 0 0 0 0 0 4 1 1 1 0 0 1 1 4 4 1 1 0 4 1 1 1 4 0 0 0 0 0 0 0 0 0 0 0 1 1 1 0 0 0 0 
0 0 0 0 0 4 1 1 1 0 1 1 0 0 4 4 1 1 0 0 0 4 4 4 4 4 4 4 4 1 1 1 0 0 1 1 1 0 0 0 0 0 0 1 1 1 0 0 0 0 
0 0 0 1 1 4 1 1 1 0 1 1 0 0 4 4 4 4 4 4 4 1 0 0 0 0 0 0 0 0 1 1 0 0 0 1 1 1 1 0 0 0 0 0 0 0 0 0 0 0 
0 0 0 1 1 4 1 1 1 0 1 1 0 0 4 1 1 0 0 0 0 1 1 1 0 0 1 1 0 0 0 0 0 0 0 0 1 0 1 1 0 0 0 0 0 0 0 0 0 0 
0 0 0 1 1 4 1 1 1 0 0 0 0 0 4 1 1 0 0 0 0 0 1 0 0 0 1 1 1 0 0 0 0 0 1 1 0 0 1 1 0 0 0 0 0 0 0 0 0 0 
0 0 0 1 1 4 1 1 1 0 0 0 0 0 1 1 0 0 1 1 0 1 1 1 1 0 0 1 1 1 0 0 0 0 1 1 0 0 0 0 0 0 0 1 1 1 0 0 0 0 
0 0 0 0 4 0 1 1 1 0 0 0 0 0 0 1 1 0 0 1 0 0 0 0 0 0 0 0 0 0 1 1 0 0 0 0 0 0 0 0 0 0 0 1 1 1 0 0 0 0 
0 0 0 2 0 0 1 1 1 0 0 0 0 0 0 0 0 0 0 0 0 0 0 0 0 0 0 0 0 0 0 0 0 0 0 0 0 0 0 0 0 0 0 1 1 1 0 0 0 0 
0 0 0 0 0 0 1 1 1 0 0 0 0 0 0 0 0 0 0 0 0 0 0 0 0 0 0 0 0 0 0 0 0 0 0 0 0 0 0 0 0 0 0 0 0 0 0 0 0 0 
0 0 0 0 0 0 1 1 1 0 0 0 0 0 0 0 0 0 0 0 0 0 0 0 0 0 0 0 0 0 0 0 0 0 0 0 0 0 0 0 0 0 0 0 0 0 0 0 0 0 
0 0 0 0 0 0 1 1 1 0 0 0 0 0 0 0 0 0 0 0 0 0 0 0 0 0 0 0 0 0 0 0 0 0 0 0 0 0 0 0 0 0 0 0 0 0 0 0 0 0 
